$ANSIBLE_VAULT;1.1;AES256
38616130646531623131666264353863663436313162373034633736363931633761376364363434
3533333530373565656433336431353930393036393732610a323631393733366634623465353132
65386332656631306337303663656464613739343334626132343038373032616337386237646265
6134643339356463650a653836373830396262616130646664663431386666386165313834396337
64386230366564356331386433343835333161316532613164356432356661626230363437633266
31643638653337333936646232643634663161326637623865616366393233303133643933313838
31306666663361313637633162646462376230386566363466313437303062623461353536393235
65373163326335356236326466623366626335323533356366633633633835393639313233616432
33653361373932646239616534343764393836313837383463363230376438313661316131373135
62626330663732366235303932663965353331366663646331616362623861373962373562653564
39633563656533323330323131663937643264383364633732356265633134636663383433623732
39393834333163633535393730396130373130666339643438613133363361633538303930636163
30363335633861353531643631666164393663303034366135656437616336363461393936303133
38616333313265643131383635616138323062323663363132386136323062363836616638643830
63636439663666333234633039343132383436656237616430616131306234623864646538623538
32323764353737613865316235366363333039376335396438393366306165653733396564663138
39323539306234643331326632613631303538366364306564646163636531613639633531326437
30636261303331363539383164396634663466356439626631376139666530616562326432323634
33633339386434643738333664373231363832313231343537313762336332613766613763643436
30633438643864343130323863356464623539373735383061663861356362623133343833313632
61366236636535663763653533636466386366353239306661343132373933633936663066623938
37373163613833353132633161643762666263646532663366636433643965656262663237346238
66663433616238396634366134336131653333336434653132643833353437363766353031633631
61373565613462303236316538643839373335373436323836666662613530393165326335363963
34343633623236313335323530363638643130616434653765313539386630633162393635636166
63656531653263343464313238303939356661656264623161373361623864373534613563336638
36646461363038306637356465633231356430656664346137326437643734356131636330316264
38363162323633636366623662353964343165353563386362316134393063613361663338653366
36396331393938373737663961343038356636376538373264616435613063333061666237653530
34396434303333646337643734623434646261363739353564363264303239636639353230353933
39613761643231663662613630316164373638346638666363636266323134386663373561396261
32356138306435626164346237633131636662626539626566306566303839343031633637656534
64343761626666663162633565616666373538626161656261343938343730323562383866396637
31663762346536356535383236393862376431323235633634356538353762336566616133336364
38313733613862396438653630626266616535316132633230623333326434336233313630656436
36343064636433613237363030633435366265346566383339336263383737613732376261663730
32336463613730636131336638313530353238396439313731636466393463663234393064396133
34643233623339336238663732313266396563316262376161326230646538326335666637313063
34346531623666646233613036373138613665386166373965653266666166646363366466316639
35666537383238333164343135636134633332643136623666353332623630366662616662356565
38313364653036356535663566653763643837356162366634666661633362363765393263313837
39636334626237343364323234613430383964353733396666363530653536393464386262306366
63613335363737393463316563306237363634343830313030623436313165643765323732306163
37303162616432393466386633396239366561316535376364353139356664393839636138366130
66643736313034623630303237616666626131643032623162313364653762646533396434633566
31626136626334633037653366646534316362333333393631616337663634623135303332363264
66313536323465333732626366373162363232313363376237613031393539333137376562323062
36303431626430666336333862346539336666336336363239633566333236656533373535363137
33373961346436613539376331363962663933323434633461633266323532333662616536633264
31386565636532376639656634353063346362383435353035363733393938356361636462633634
38623233386435303932323434623637383864323731626434303562393561333131643262653363
31343933393462666566666235303434366635323435336661646532623230326430323063616339
65323434356666356266393331656233393336303062636537633034623836343038623037366466
33373031313733633664643837663365636236366136633862363532383537376431353832336437
63653836646565313662666434386335396563346336643132623535323231663561396131333666
30343230633362393633653231353639383133613736373038396336653561666466333262383237
3661
